0.15000000000000002	45
0.15000000000000002	98
0.15000000000000002	97
0.15000000000000002	96
0.15000000000000002	95
0.15000000000000002	94
0.15000000000000002	93
0.15000000000000002	92
0.15000000000000002	91
0.15000000000000002	90
0.15000000000000002	18
0.15000000000000002	89
0.15000000000000002	87
0.15000000000000002	23
0.15000000000000002	33
0.15000000000000002	81
0.15000000000000002	80
0.15000000000000002	76
0.15000000000000002	75
0.15000000000000002	74
0.15000000000000002	73
0.15000000000000002	36
0.15000000000000002	37
0.15000000000000002	39
0.15000000000000002	69
0.15000000000000002	100
0.15000000000000002	64
0.15000000000000002	63
0.15000000000000002	62
0.15000000000000002	60
0.15000000000000002	40
0.15000000000000002	58
0.15000000000000002	57
0.15000000000000002	56
0.15000000000000002	54
0.15000000000000002	52
0.15000000000000002	51
0.15000000000000002	42
0.15000000000000002	99
0.15000000000000002	43
0.15000000000000002	44
0.181875	7
0.19250000000000003	34
0.19250000000000003	61
0.21568020833333335	78
0.23181250000000003	15
0.23370346719370041	31
0.23500000000000004	29
0.2406666666666667	24
0.2406666666666667	28
0.2406666666666667	26
0.25228333333333336	30
0.2775	32
0.2775	41
0.29296055555555556	13
0.2950312500000001	70
0.2974534671937004	22
0.3030626156389509	83
0.3030626156389509	49
0.32000000000000006	8
0.34125000000000005	21
0.34125000000000005	11
0.34975000000000006	10
0.3545666666666667	82
0.3715491281436012	17
0.3749664271298364	35
0.385875	50
0.40484062500000007	46
0.4142260416666667	25
0.44962500000000005	72
0.4567260416666667	12
0.48256250000000006	38
0.5567730052186675	19
0.5583543364769346	6
0.5658421354166667	14
0.5897395312500001	9
0.5995096836991569	5
0.9658913125275573	3
1.1986662846261162	71
1.3334477406725367	65
1.4116252833612353	4
2.6581390917297036	2
3.616158610172441	47
4.468941605665098	1
